key : dimension
n : filler
1 : 1x1
2 : 1x2
3 : 1x3
4 : 1x4
5 : 2x1
6 : 2x2
7 : 2x3
8 : 2x4
9 : 3x1
10 : 3x2
11 : 4x1
12 : 4x2

letter_matrix =     [[0, 0, 0, 0],
                     [0, 0, 0, 0],
                     [0, 0, 0, 0],
                     [0, 0, 0, 0],
                     [0, 0, 0, 0],
                     [0, 0, 0, 0],
                     [0, 0, 0, 0]]

letter_matrix =     [[0, 0, 0, 0, 0],
                     [0, 0, 0, 0, 0],
                     [0, 0, 0, 0, 0],
                     [0, 0, 0, 0, 0],
                     [0, 0, 0, 0, 0],
                     [0, 0, 0, 0, 0],
                     [0, 0, 0, 0, 0]]
                     
letter_matrix =     [[0, 0, 0, 0, 0, 0],
                     [0, 0, 0, 0, 0, 0],
                     [0, 0, 0, 0, 0, 0],
                     [0, 0, 0, 0, 0, 0],
                     [0, 0, 0, 0, 0, 0],
                     [0, 0, 0, 0, 0, 0],
                     [0, 0, 0, 0, 0, 0]]
                     
letter_matrix =     [[0, 0, 0, 0, 0, 0, 0],
                     [0, 0, 0, 0, 0, 0, 0],
                     [0, 0, 0, 0, 0, 0, 0],
                     [0, 0, 0, 0, 0, 0, 0],
                     [0, 0, 0, 0, 0, 0, 0],
                     [0, 0, 0, 0, 0, 0, 0],
                     [0, 0, 0, 0, 0, 0, 0]]

letter_matrix =     [[0, 0, 0, 0, 0, 0, 0, 0],
                     [0, 0, 0, 0, 0, 0, 0, 0],
                     [0, 0, 0, 0, 0, 0, 0, 0],
                     [0, 0, 0, 0, 0, 0, 0, 0],
                     [0, 0, 0, 0, 0, 0, 0, 0],
                     [0, 0, 0, 0, 0, 0, 0, 0],
                     [0, 0, 0, 0, 0, 0, 0, 0]]

letter_matrix =     [[0, 0, 0, 0, 0, 0, 0, 0, 0],
                     [0, 0, 0, 0, 0, 0, 0, 0, 0],
                     [0, 0, 0, 0, 0, 0, 0, 0, 0],
                     [0, 0, 0, 0, 0, 0, 0, 0, 0],
                     [0, 0, 0, 0, 0, 0, 0, 0, 0],
                     [0, 0, 0, 0, 0, 0, 0, 0, 0],
                     [0, 0, 0, 0, 0, 0, 0, 0, 0]]

letter_matrix =     [[0, 0, 0, 0, 0, 0, 0, 0, 0, 0, 0, 0, 0],
                     [0, 0, 0, 0, 0, 0, 0, 0, 0, 0, 0, 0, 0],
                     [0, 0, 0, 0, 0, 0, 0, 0, 0, 0, 0, 0, 0],
                     [0, 0, 0, 0, 0, 0, 0, 0, 0, 0, 0, 0, 0],
                     [0, 0, 0, 0, 0, 0, 0, 0, 0, 0, 0, 0, 0],
                     [0, 0, 0, 0, 0, 0, 0, 0, 0, 0, 0, 0, 0],
                     [0, 0, 0, 0, 0, 0, 0, 0, 0, 0, 0, 0, 0]]